0
0 1 0
0.5 0.5 0.5
0 5 0.25
0 0 1
1
0
0 
0 
0
2
9
0
0 1 0
1 1 0.1
0 0 1.1
0 0 1
1
0
1 
0 
1
0 1 0
0.1 1
-1 0 1.1
-1 0 0
1
0
1 
0 
1
0 1 0
0.1 1
1 0 1.1
1 0 0
1
0
1 
0 
1
0 1 0
0.1 1
0 1 1.1
0 1 0
1
0
1 
0 
1
0 1 0
0.1 1
0 -1 1.1
0 -1 0
1
0
1 
0 
1
0 1 0
0.1 1
-1.5 0 0.6
0 0 1
1
0
1 
1 
1
0 1 0
0.1 1
1.5 0 0.6
0 0 1
1
0
1 
1 
1
0 1 0
0.1 1
0 1.5 0.6
0 0 1
1
0
1 
1 
1
0 1 0
0.1 1
0 -1.5 0.6
0 0 1
1
0
1 
1 
8
1 5 
0 1 0 
-1.5 0 1.1 
0 1 0 
-10 10 
1 
2 6 
0 1 0 
1.5 0 1.1 
0 -1 0 
-10 10 
1 
3 7 
0 1 0 
0 1.5 1.1 
1 0 0 
-10 10 
1 
4 8 
0 1 0 
0 -1.5 1.1 
-1 0 0 
-10 10 
1 
0 1 
0 1 0 
-0.5 0 1.1 
0 1 0 
-10 10 
1 
0 2 
0 1 0 
0.5 0 1.1 
0 -1 0 
-10 10 
1 
0 3 
0 1 0 
0 0.5 1.1 
1 0 0 
-10 10 
1 
0 4 
0 1 0 
0 -0.5 1.1 
-1 0 0 
-10 10 
1 
9
0
0.7 1 0.7
1 1 0.1
-0.1 5.1 1.1
0 0 1
1
0
1 
0 
1
0.7 1 0.7
0.1 1
-1.1 5.1 1.1
-1 0 0
1
0
1 
0 
1
0.7 1 0.7
0.1 1
0.9 5.1 1.1
1 0 0
1
0
1 
0 
1
0.7 1 0.7
0.1 1
-0.1 6.1 1.1
0 1 0
1
0
1 
0 
1
0.7 1 0.7
0.1 1
-0.1 4.1 1.1
0 -1 0
1
0
1 
0 
1
0.7 1 0.7
0.1 1
-1.6 5.1 0.6
0 0 1
1
0
1 
1 
1
0.7 1 0.7
0.1 1
1.4 5.1 0.6
0 0 1
1
0
1 
1 
1
0.7 1 0.7
0.1 1
-0.1 6.6 0.6
0 0 1
1
0
1 
1 
1
0.7 1 0.7
0.1 1
-0.1 3.6 0.6
0 0 1
1
0
1 
1 
8
1 5 
0.7 1 0.7 
-1.6 5.1 1.1 
0 1 0 
-10 10 
1 
2 6 
0.7 1 0.7 
1.4 5.1 1.1 
0 -1 0 
-10 10 
1 
3 7 
0.7 1 0.7 
-0.1 6.6 1.1 
1 0 0 
-10 10 
1 
4 8 
0.7 1 0.7 
-0.1 3.6 1.1 
-1 0 0 
-10 10 
1 
0 1 
0.7 1 0.7 
-0.6 5.1 1.1 
0 1 0 
-10 10 
1 
0 2 
0.7 1 0.7 
0.4 5.1 1.1 
0 -1 0 
-10 10 
1 
0 3 
0.7 1 0.7 
-0.1 5.6 1.1 
1 0 0 
-10 10 
1 
0 4 
0.7 1 0.7 
-0.1 4.6 1.1 
-1 0 0 
-10 10 
1 
-1
